cello 87.19
clarinet 78.15
drum 97.41
flute 84.87
piano 93.13
viola 77.70
violin 74.10

cello batch64
3~4
Training completed in 52m 3s
Train_loss_list
[0.0042, 0.004, 0.0025, 0.0018, 0.0013, 0.0009, 0.0008, 0.0006, 0.0003, 0.0004]
val_loss_list
[0.0132, 0.0066, 0.0057, 0.0057, 0.0066, 0.0113, 0.0124, 0.0115, 0.0159, 0.0075]
accuracy_list
[80.5082, 85.6806, 87.6044, 87.8766, 88.4029, 84.9365, 84.392, 87.6588, 86.461, 88.9474]

clarient batch64
2
Training completed in 52m 2s
Train_loss_list
[0.0043, 0.0065, 0.0038, 0.0029, 0.0023, 0.0018, 0.0016, 0.0011, 0.0011, 0.0008]
val_loss_list
[0.0142, 0.0086, 0.0115, 0.0106, 0.01, 0.0127, 0.0105, 0.0166, 0.0145, 0.0176]
accuracy_list
[69.9274, 75.6624, 76.4791, 76.824, 80.6715, 81.5971, 78.8566, 78.3122, 77.441, 80.9256]

drum batch64
4
Training completed in 51m 48s
Train_loss_list
[0.001, 0.0011, 0.0006, 0.0005, 0.0004, 0.0004, 0.0003, 0.0003, 0.0003, 0.0002]
val_loss_list
[0.0013, 0.0013, 0.0013, 0.001, 0.0012, 0.0014, 0.0015, 0.0031, 0.0013, 0.0014]
accuracy_list
[98.2033, 97.6951, 97.4592, 98.3485, 97.9492, 98.3666, 97.7858, 97.7132, 98.4392, 98.167]

flute batch64
3
Training completed in 52m 10s
Train_loss_list
[0.0044, 0.0027, 0.0017, 0.0013, 0.0011, 0.0007, 0.0006, 0.0009, 0.0005, 0.0006]
val_loss_list
[0.013, 0.007, 0.0088, 0.0094, 0.0081, 0.0084, 0.0084, 0.0104, 0.0117, 0.0105]
accuracy_list
[77.1688, 85.4446, 85.3721, 81.7241, 85.3539, 85.0454, 85.8439, 84.755, 85.5535, 85.245]

piano batch64
4
Training completed in 51m 51s
Train_loss_list
[0.0024, 0.0045, 0.0023, 0.0015, 0.0013, 0.001, 0.0009, 0.0008, 0.0007, 0.0005]
val_loss_list
[0.0099, 0.0046, 0.0045, 0.0032, 0.0036, 0.0044, 0.0038, 0.0049, 0.0053, 0.0055]
accuracy_list
[80.8893, 89.1833, 89.8911, 93.1216, 92.6316, 93.4846, 94.3557, 92.7405, 91.3612, 94.0472]

viola batch64
4
Training completed in 51m 53s
Train_loss_list
[0.0053, 0.005, 0.0028, 0.0021, 0.0015, 0.0011, 0.0008, 0.0007, 0.0006, 0.0005]
val_loss_list
[0.0076, 0.0086, 0.0101, 0.0086, 0.0105, 0.0101, 0.0134, 0.0145, 0.0222, 0.0141]
accuracy_list
[77.2232, 77.3503, 76.6606, 79.5826, 77.2414, 78.8566, 79.9274, 80.0181, 78.4392, 78.6025]


violin batch64
3
Training completed in 52m 8s
Train_loss_list
[0.0053, 0.007, 0.0042, 0.0033, 0.0026, 0.0023, 0.0019, 0.0017, 0.0014, 0.0011]
val_loss_list
[0.0138, 0.0097, 0.0085, 0.009, 0.0125, 0.011, 0.0127, 0.0127, 0.0112, 0.0165]
accuracy_list
[74.1924, 74.5009, 79.274, 82.1416, 77.9855, 77.0962, 77.1869, 79.5826, 80.1633, 77.1869]


