cello batch5
3
Training completed in 68m 48s
Train_loss_list
[0.0725, 0.0524, 0.0323, 1.8532, 5.3635, 5.3635, 5.3635, 5.3632, 5.3635, 5.3638]
val_loss_list
[0.0806, 0.0885, 0.0636, 6.323, 6.323, 6.323, 6.323, 6.323, 6.323, 6.323]
accuracy_list
[85.4083, 85.0817, 88.6388, 68.3848, 68.3848, 68.3848, 68.3848, 68.3848, 68.3848, 68.3848]

clarient batch5
3
Training completed in 38m 53s
Train_loss_list
[0.0705, 0.0508, 0.0341, 0.0247, 0.0193, 0.0149, 0.0119, 0.0107, 0.0086, 0.0078]
val_loss_list
[0.0851, 0.0905, 0.0805, 0.0973, 0.1000, 0.1538, 0.1273, 0.1197, 0.1909, 0.2117]
accuracy_list
[83.0127, 83.9564, 87.1688, 86.3521, 87.9129, 84.6279, 87.2232, 86.0073, 87.8584, 85.8621]

drum batch5
4
Training completed in 32m 2s
Train_loss_list
[0.0239, 0.0158, 0.011, 0.0088, 1.357, 2.3281, 2.3284, 2.3284, 2.3281, 2.3281]
val_loss_list
[0.021, 0.0253, 0.0292, 0.0117, 2.7151, 2.7151, 2.7151, 2.7151, 2.7151, 2.7151]
accuracy_list
[97.7677, 97.1143, 96.6243, 98.2033, 86.4247, 86.4247, 86.4247, 86.4247, 86.4247, 86.4247]

flute batch5
3
Training completed in 32m 1s
Train_loss_list
[0.0784, 0.0533, 0.0329, 4.5595, 4.7778, 4.7778, 4.778, 4.7786, 4.778, 4.7783]
val_loss_list
[0.1053, 0.1103, 0.1003, 5.4955, 5.4955, 5.4955, 5.4955, 5.4955, 5.4955, 5.4955]
accuracy_list
[79.9093, 80.9256, 82.5408, 72.5227, 72.5227, 72.5227, 72.5227, 72.5227, 72.5227, 72.5227]

piano batch5
4
Training completed in 32m 0s
Train_loss_list
[0.0456, 0.0302, 0.0211, 0.0155, 0.0125, 0.0103, 0.0084, 0.0076, 0.0066, 0.0059]
val_loss_list
[0.0806, 0.0628, 0.0446, 0.0381, 0.0469, 0.061, 0.1086, 0.057, 0.0664, 0.0795]
accuracy_list
[86.2795, 88.0036, 92.7768, 93.0672, 92.7586, 92.4682, 88.6933, 93.5753, 93.412, 92.5953]

viola batch5
3
Training completed in 68m 48s
Train_loss_list
[0.0841, 0.0554, 0.0352, 0.0255, 0.0192, 0.0153, 0.0131, 0.0101, 0.0106, 0.008]
val_loss_list
[0.0846, 0.0963, 0.1365, 0.138, 0.1378, 0.1463, 0.1644, 0.1703, 0.2473, 0.1947]
accuracy_list
[80.98, 78.4392, 78.8385, 78.3122, 79.3829, 78.7114, 79.0926, 78.4574, 76.1706, 78.6207]

violin batch5
3
Training completed in 69m 8s
Train_loss_list
[0.084, 0.0601, 0.0424, 0.0322, 0.0244, 0.0196, 0.0159, 0.0129, 0.0126, 0.0101]
val_loss_list
[0.1049, 0.1189, 0.1207, 0.1228, 0.1761, 0.1659, 0.1675, 0.1694, 0.2357, 0.2063]
accuracy_list
[79.6007, 78.7114, 80.9619, 77.4229, 79.9637, 80.1089, 77.1869, 77.9673, 77.7132, 77.2595]

